Number of lanes, Number of vehicles on the sidelines, Chance of congestion,Chance of weather disruptions,trains?,pointer Harr
1,0,0,0,0,0000000000000000
1,0,0,0,1,0000000000000008
1,0,0,10,0,0000000000000010
1,0,0,10,1,0000000000000018
1,0,0,20,0,0000000000000020
1,0,0,20,1,0000000000000028
1,0,0,30,0,0000000000000030
1,0,0,30,1,0000000000000038
1,0,0,40,0,0000000000000040
1,0,0,40,1,0000000000000048
1,0,0,50,0,0000000000000050
1,0,0,50,1,0000000000000058
1,0,0,60,0,0000000000000060
1,0,0,60,1,0000000000000068
1,0,0,70,0,0000000000000070
1,0,0,70,1,0000000000000078
1,0,0,80,0,0000000000000080
1,0,0,80,1,0000000000000088
1,0,0,90,0,0000000000000090
1,0,0,90,1,0000000000000098
1,0,0,100,0,00000000000000a0
1,0,0,100,1,00000000000000a8
1,0,10,0,0,00000000000000b0
1,0,10,0,1,00000000000000b8
1,0,10,10,0,00000000000000c0
1,0,10,10,1,00000000000000c8
1,0,10,20,0,00000000000000d0
1,0,10,20,1,00000000000000d8
1,0,10,30,0,00000000000000e0
1,0,10,30,1,00000000000000e8
1,0,10,40,0,00000000000000f0
1,0,10,40,1,00000000000000f8
1,0,10,50,0,0000000000000100
1,0,10,50,1,0000000000000108
1,0,10,60,0,0000000000000110
1,0,10,60,1,0000000000000118
1,0,10,70,0,0000000000000120
1,0,10,70,1,0000000000000128
1,0,10,80,0,0000000000000130
1,0,10,80,1,0000000000000138
1,0,10,90,0,0000000000000140
1,0,10,90,1,0000000000000148
1,0,10,100,0,0000000000000150
1,0,10,100,1,0000000000000158
1,0,20,0,0,0000000000000160
1,0,20,0,1,0000000000000168
1,0,20,10,0,0000000000000170
1,0,20,10,1,0000000000000178
1,0,20,20,0,0000000000000180
1,0,20,20,1,0000000000000188
1,0,20,30,0,0000000000000190
1,0,20,30,1,0000000000000198
1,0,20,40,0,00000000000001a0
1,0,20,40,1,00000000000001a8
1,0,20,50,0,00000000000001b0
1,0,20,50,1,00000000000001b8
1,0,20,60,0,00000000000001c0
1,0,20,60,1,00000000000001c8
1,0,20,70,0,00000000000001d0
1,0,20,70,1,00000000000001d8
1,0,20,80,0,00000000000001e0
1,0,20,80,1,00000000000001e8
1,0,20,90,0,00000000000001f0
1,0,20,90,1,00000000000001f8
1,0,20,100,0,0000000000000200
1,0,20,100,1,0000000000000208
1,0,30,0,0,0000000000000210
1,0,30,0,1,0000000000000218
1,0,30,10,0,0000000000000220
1,0,30,10,1,0000000000000228
1,0,30,20,0,0000000000000230
1,0,30,20,1,0000000000000238
1,0,30,30,0,0000000000000240
1,0,30,30,1,0000000000000248
1,0,30,40,0,0000000000000250
1,0,30,40,1,0000000000000258
1,0,30,50,0,0000000000000260
1,0,30,50,1,0000000000000268
1,0,30,60,0,0000000000000270
1,0,30,60,1,0000000000000278
1,0,30,70,0,0000000000000280
1,0,30,70,1,0000000000000288
1,0,30,80,0,0000000000000290
1,0,30,80,1,0000000000000298
1,0,30,90,0,00000000000002a0
1,0,30,90,1,00000000000002a8
1,0,30,100,0,00000000000002b0
1,0,30,100,1,00000000000002b8
1,0,40,0,0,00000000000002c0
1,0,40,0,1,00000000000002c8
1,0,40,10,0,00000000000002d0
1,0,40,10,1,00000000000002d8
1,0,40,20,0,00000000000002e0
1,0,40,20,1,00000000000002e8
1,0,40,30,0,00000000000002f0
1,0,40,30,1,00000000000002f8
1,0,40,40,0,0000000000000300
1,0,40,40,1,0000000000000308
1,0,40,50,0,0000000000000310
1,0,40,50,1,0000000000000318
1,0,40,60,0,0000000000000320
1,0,40,60,1,0000000000000328
1,0,40,70,0,0000000000000330
1,0,40,70,1,0000000000000338
1,0,40,80,0,0000000000000340
1,0,40,80,1,0000000000000348
1,0,40,90,0,0000000000000350
1,0,40,90,1,0000000000000358
1,0,40,100,0,0000000000000360
1,0,40,100,1,0000000000000368
1,0,50,0,0,0000000000000370
1,0,50,0,1,0000000000000378
1,0,50,10,0,0000000000000380
1,0,50,10,1,0000000000000388
1,0,50,20,0,0000000000000390
1,0,50,20,1,0000000000000398
1,0,50,30,0,00000000000003a0
1,0,50,30,1,00000000000003a8
1,0,50,40,0,00000000000003b0
1,0,50,40,1,00000000000003b8
1,0,50,50,0,00000000000003c0
1,0,50,50,1,00000000000003c8
1,0,50,60,0,00000000000003d0
1,0,50,60,1,00000000000003d8
1,0,50,70,0,00000000000003e0
1,0,50,70,1,00000000000003e8
1,0,50,80,0,00000000000003f0
1,0,50,80,1,00000000000003f8
1,0,50,90,0,0000000000000400
1,0,50,90,1,0000000000000408
1,0,50,100,0,0000000000000410
1,0,50,100,1,0000000000000418
1,0,60,0,0,0000000000000420
1,0,60,0,1,0000000000000428
1,0,60,10,0,0000000000000430
1,0,60,10,1,0000000000000438
1,0,60,20,0,0000000000000440
1,0,60,20,1,0000000000000448
1,0,60,30,0,0000000000000450
1,0,60,30,1,0000000000000458
1,0,60,40,0,0000000000000460
1,0,60,40,1,0000000000000468
1,0,60,50,0,0000000000000470
1,0,60,50,1,0000000000000478
1,0,60,60,0,0000000000000480
1,0,60,60,1,0000000000000488
1,0,60,70,0,0000000000000490
1,0,60,70,1,0000000000000498
1,0,60,80,0,00000000000004a0
1,0,60,80,1,00000000000004a8
1,0,60,90,0,00000000000004b0
1,0,60,90,1,00000000000004b8
1,0,60,100,0,00000000000004c0
1,0,60,100,1,00000000000004c8
1,0,70,0,0,00000000000004d0
1,0,70,0,1,00000000000004d8
1,0,70,10,0,00000000000004e0
1,0,70,10,1,00000000000004e8
1,0,70,20,0,00000000000004f0
1,0,70,20,1,00000000000004f8
1,0,70,30,0,0000000000000500
1,0,70,30,1,0000000000000508
1,0,70,40,0,0000000000000510
1,0,70,40,1,0000000000000518
1,0,70,50,0,0000000000000520
1,0,70,50,1,0000000000000528
1,0,70,60,0,0000000000000530
1,0,70,60,1,0000000000000538
1,0,70,70,0,0000000000000540
1,0,70,70,1,0000000000000548
1,0,70,80,0,0000000000000550
1,0,70,80,1,0000000000000558
1,0,70,90,0,0000000000000560
1,0,70,90,1,0000000000000568
1,0,70,100,0,0000000000000570
1,0,70,100,1,0000000000000578
1,0,80,0,0,0000000000000580
1,0,80,0,1,0000000000000588
1,0,80,10,0,0000000000000590
1,0,80,10,1,0000000000000598
1,0,80,20,0,00000000000005a0
1,0,80,20,1,00000000000005a8
1,0,80,30,0,00000000000005b0
1,0,80,30,1,00000000000005b8
1,0,80,40,0,00000000000005c0
1,0,80,40,1,00000000000005c8
1,0,80,50,0,00000000000005d0
1,0,80,50,1,00000000000005d8
1,0,80,60,0,00000000000005e0
1,0,80,60,1,00000000000005e8
1,0,80,70,0,00000000000005f0
1,0,80,70,1,00000000000005f8
1,0,80,80,0,0000000000000600
1,0,80,80,1,0000000000000608
1,0,80,90,0,0000000000000610
1,0,80,90,1,0000000000000618
1,0,80,100,0,0000000000000620
1,0,80,100,1,0000000000000628
1,0,90,0,0,0000000000000630
1,0,90,0,1,0000000000000638
1,0,90,10,0,0000000000000640
1,0,90,10,1,0000000000000648
1,0,90,20,0,0000000000000650
1,0,90,20,1,0000000000000658
1,0,90,30,0,0000000000000660
1,0,90,30,1,0000000000000668
1,0,90,40,0,0000000000000670
1,0,90,40,1,0000000000000678
1,0,90,50,0,0000000000000680
1,0,90,50,1,0000000000000688
1,0,90,60,0,0000000000000690
1,0,90,60,1,0000000000000698
1,0,90,70,0,00000000000006a0
1,0,90,70,1,00000000000006a8
1,0,90,80,0,00000000000006b0
1,0,90,80,1,00000000000006b8
1,0,90,90,0,00000000000006c0
1,0,90,90,1,00000000000006c8
1,0,90,100,0,00000000000006d0
1,0,90,100,1,00000000000006d8
1,0,100,0,0,00000000000006e0
1,0,100,0,1,00000000000006e8
1,0,100,10,0,00000000000006f0
1,0,100,10,1,00000000000006f8
1,0,100,20,0,0000000000000700
1,0,100,20,1,0000000000000708
1,0,100,30,0,0000000000000710
1,0,100,30,1,0000000000000718
1,0,100,40,0,0000000000000720
1,0,100,40,1,0000000000000728
1,0,100,50,0,0000000000000730
1,0,100,50,1,0000000000000738
1,0,100,60,0,0000000000000740
1,0,100,60,1,0000000000000748
1,0,100,70,0,0000000000000750
1,0,100,70,1,0000000000000758
1,0,100,80,0,0000000000000760
1,0,100,80,1,0000000000000768
1,0,100,90,0,0000000000000770
1,0,100,90,1,0000000000000778
1,0,100,100,0,0000000000000780
1,0,100,100,1,0000000000000788
1,1,0,0,0,0000000000000790
1,1,0,0,1,0000000000000798
1,1,0,10,0,00000000000007a0
1,1,0,10,1,00000000000007a8
1,1,0,20,0,00000000000007b0
1,1,0,20,1,00000000000007b8
1,1,0,30,0,00000000000007c0
1,1,0,30,1,00000000000007c8
1,1,0,40,0,00000000000007d0
1,1,0,40,1,00000000000007d8
1,1,0,50,0,00000000000007e0
1,1,0,50,1,00000000000007e8
1,1,0,60,0,00000000000007f0
1,1,0,60,1,00000000000007f8
1,1,0,70,0,0000000000000800
1,1,0,70,1,0000000000000808
1,1,0,80,0,0000000000000810
1,1,0,80,1,0000000000000818
1,1,0,90,0,0000000000000820
1,1,0,90,1,0000000000000828
1,1,0,100,0,0000000000000830
1,1,0,100,1,0000000000000838
1,1,10,0,0,0000000000000840
1,1,10,0,1,0000000000000848
1,1,10,10,0,0000000000000850
1,1,10,10,1,0000000000000858
1,1,10,20,0,0000000000000860
1,1,10,20,1,0000000000000868
1,1,10,30,0,0000000000000870
1,1,10,30,1,0000000000000878
1,1,10,40,0,0000000000000880
1,1,10,40,1,0000000000000888
1,1,10,50,0,0000000000000890
1,1,10,50,1,0000000000000898
1,1,10,60,0,00000000000008a0
1,1,10,60,1,00000000000008a8
1,1,10,70,0,00000000000008b0
1,1,10,70,1,00000000000008b8
1,1,10,80,0,00000000000008c0
1,1,10,80,1,00000000000008c8
1,1,10,90,0,00000000000008d0
1,1,10,90,1,00000000000008d8
1,1,10,100,0,00000000000008e0
1,1,10,100,1,00000000000008e8
1,1,20,0,0,00000000000008f0
1,1,20,0,1,00000000000008f8
1,1,20,10,0,0000000000000900
1,1,20,10,1,0000000000000908
1,1,20,20,0,0000000000000910
1,1,20,20,1,0000000000000918
1,1,20,30,0,0000000000000920
1,1,20,30,1,0000000000000928
1,1,20,40,0,0000000000000930
1,1,20,40,1,0000000000000938
1,1,20,50,0,0000000000000940
1,1,20,50,1,0000000000000948
1,1,20,60,0,0000000000000950
1,1,20,60,1,0000000000000958
1,1,20,70,0,0000000000000960
1,1,20,70,1,0000000000000968
1,1,20,80,0,0000000000000970
1,1,20,80,1,0000000000000978
1,1,20,90,0,0000000000000980
1,1,20,90,1,0000000000000988
1,1,20,100,0,0000000000000990
1,1,20,100,1,0000000000000998
1,1,30,0,0,00000000000009a0
1,1,30,0,1,00000000000009a8
1,1,30,10,0,00000000000009b0
1,1,30,10,1,00000000000009b8
1,1,30,20,0,00000000000009c0
1,1,30,20,1,00000000000009c8
1,1,30,30,0,00000000000009d0
1,1,30,30,1,00000000000009d8
1,1,30,40,0,00000000000009e0
1,1,30,40,1,00000000000009e8
1,1,30,50,0,00000000000009f0
1,1,30,50,1,00000000000009f8
1,1,30,60,0,0000000000000a00
1,1,30,60,1,0000000000000a08
1,1,30,70,0,0000000000000a10
1,1,30,70,1,0000000000000a18
1,1,30,80,0,0000000000000a20
1,1,30,80,1,0000000000000a28
1,1,30,90,0,0000000000000a30
1,1,30,90,1,0000000000000a38
1,1,30,100,0,0000000000000a40
1,1,30,100,1,0000000000000a48
1,1,40,0,0,0000000000000a50
1,1,40,0,1,0000000000000a58
1,1,40,10,0,0000000000000a60
1,1,40,10,1,0000000000000a68
1,1,40,20,0,0000000000000a70
1,1,40,20,1,0000000000000a78
1,1,40,30,0,0000000000000a80
1,1,40,30,1,0000000000000a88
1,1,40,40,0,0000000000000a90
1,1,40,40,1,0000000000000a98
1,1,40,50,0,0000000000000aa0
1,1,40,50,1,0000000000000aa8
1,1,40,60,0,0000000000000ab0
1,1,40,60,1,0000000000000ab8
1,1,40,70,0,0000000000000ac0
1,1,40,70,1,0000000000000ac8
1,1,40,80,0,0000000000000ad0
1,1,40,80,1,0000000000000ad8
1,1,40,90,0,0000000000000ae0
1,1,40,90,1,0000000000000ae8
1,1,40,100,0,0000000000000af0
1,1,40,100,1,0000000000000af8
1,1,50,0,0,0000000000000b00
1,1,50,0,1,0000000000000b08
1,1,50,10,0,0000000000000b10
1,1,50,10,1,0000000000000b18
1,1,50,20,0,0000000000000b20
1,1,50,20,1,0000000000000b28
1,1,50,30,0,0000000000000b30
1,1,50,30,1,0000000000000b38
1,1,50,40,0,0000000000000b40
1,1,50,40,1,0000000000000b48
1,1,50,50,0,0000000000000b50
1,1,50,50,1,0000000000000b58
1,1,50,60,0,0000000000000b60
1,1,50,60,1,0000000000000b68
1,1,50,70,0,0000000000000b70
1,1,50,70,1,0000000000000b78
1,1,50,80,0,0000000000000b80
1,1,50,80,1,0000000000000b88
1,1,50,90,0,0000000000000b90
1,1,50,90,1,0000000000000b98
1,1,50,100,0,0000000000000ba0
1,1,50,100,1,0000000000000ba8
1,1,60,0,0,0000000000000bb0
1,1,60,0,1,0000000000000bb8
1,1,60,10,0,0000000000000bc0
1,1,60,10,1,0000000000000bc8
1,1,60,20,0,0000000000000bd0
1,1,60,20,1,0000000000000bd8
1,1,60,30,0,0000000000000be0
1,1,60,30,1,0000000000000be8
1,1,60,40,0,0000000000000bf0
1,1,60,40,1,0000000000000bf8
1,1,60,50,0,0000000000000c00
1,1,60,50,1,0000000000000c08
1,1,60,60,0,0000000000000c10
1,1,60,60,1,0000000000000c18
1,1,60,70,0,0000000000000c20
1,1,60,70,1,0000000000000c28
1,1,60,80,0,0000000000000c30
1,1,60,80,1,0000000000000c38
1,1,60,90,0,0000000000000c40
1,1,60,90,1,0000000000000c48
1,1,60,100,0,0000000000000c50
1,1,60,100,1,0000000000000c58
1,1,70,0,0,0000000000000c60
1,1,70,0,1,0000000000000c68
1,1,70,10,0,0000000000000c70
1,1,70,10,1,0000000000000c78
1,1,70,20,0,0000000000000c80
1,1,70,20,1,0000000000000c88
1,1,70,30,0,0000000000000c90
1,1,70,30,1,0000000000000c98
1,1,70,40,0,0000000000000ca0
1,1,70,40,1,0000000000000ca8
1,1,70,50,0,0000000000000cb0
1,1,70,50,1,0000000000000cb8
1,1,70,60,0,0000000000000cc0
1,1,70,60,1,0000000000000cc8
1,1,70,70,0,0000000000000cd0
1,1,70,70,1,0000000000000cd8
1,1,70,80,0,0000000000000ce0
1,1,70,80,1,0000000000000ce8
1,1,70,90,0,0000000000000cf0
1,1,70,90,1,0000000000000cf8
1,1,70,100,0,0000000000000d00
1,1,70,100,1,0000000000000d08
1,1,80,0,0,0000000000000d10
1,1,80,0,1,0000000000000d18
1,1,80,10,0,0000000000000d20
1,1,80,10,1,0000000000000d28
1,1,80,20,0,0000000000000d30
1,1,80,20,1,0000000000000d38
1,1,80,30,0,0000000000000d40
1,1,80,30,1,0000000000000d48
1,1,80,40,0,0000000000000d50
1,1,80,40,1,0000000000000d58
1,1,80,50,0,0000000000000d60
1,1,80,50,1,0000000000000d68
1,1,80,60,0,0000000000000d70
1,1,80,60,1,0000000000000d78
1,1,80,70,0,0000000000000d80
1,1,80,70,1,0000000000000d88
1,1,80,80,0,0000000000000d90
1,1,80,80,1,0000000000000d98
1,1,80,90,0,0000000000000da0
1,1,80,90,1,0000000000000da8
1,1,80,100,0,0000000000000db0
1,1,80,100,1,0000000000000db8
1,1,90,0,0,0000000000000dc0
1,1,90,0,1,0000000000000dc8
1,1,90,10,0,0000000000000dd0
1,1,90,10,1,0000000000000dd8
1,1,90,20,0,0000000000000de0
1,1,90,20,1,0000000000000de8
1,1,90,30,0,0000000000000df0
1,1,90,30,1,0000000000000df8
1,1,90,40,0,0000000000000e00
1,1,90,40,1,0000000000000e08
1,1,90,50,0,0000000000000e10
1,1,90,50,1,0000000000000e18
1,1,90,60,0,0000000000000e20
1,1,90,60,1,0000000000000e28
1,1,90,70,0,0000000000000e30
1,1,90,70,1,0000000000000e38
1,1,90,80,0,0000000000000e40
1,1,90,80,1,0000000000000e48
1,1,90,90,0,0000000000000e50
1,1,90,90,1,0000000000000e58
1,1,90,100,0,0000000000000e60
1,1,90,100,1,0000000000000e68
1,1,100,0,0,0000000000000e70
1,1,100,0,1,0000000000000e78
1,1,100,10,0,0000000000000e80
1,1,100,10,1,0000000000000e88
1,1,100,20,0,0000000000000e90
1,1,100,20,1,0000000000000e98
1,1,100,30,0,0000000000000ea0
1,1,100,30,1,0000000000000ea8
1,1,100,40,0,0000000000000eb0
1,1,100,40,1,0000000000000eb8
1,1,100,50,0,0000000000000ec0
1,1,100,50,1,0000000000000ec8
1,1,100,60,0,0000000000000ed0
1,1,100,60,1,0000000000000ed8
1,1,100,70,0,0000000000000ee0
1,1,100,70,1,0000000000000ee8
1,1,100,80,0,0000000000000ef0
1,1,100,80,1,0000000000000ef8
1,1,100,90,0,0000000000000f00
1,1,100,90,1,0000000000000f08
1,1,100,100,0,0000000000000f10
1,1,100,100,1,0000000000000f18
1,2,0,0,0,0000000000000f20
1,2,0,0,1,0000000000000f28
1,2,0,10,0,0000000000000f30
1,2,0,10,1,0000000000000f38
1,2,0,20,0,0000000000000f40
1,2,0,20,1,0000000000000f48
1,2,0,30,0,0000000000000f50
1,2,0,30,1,0000000000000f58
1,2,0,40,0,0000000000000f60
1,2,0,40,1,0000000000000f68
1,2,0,50,0,0000000000000f70
1,2,0,50,1,0000000000000f78
1,2,0,60,0,0000000000000f80
1,2,0,60,1,0000000000000f88
1,2,0,70,0,0000000000000f90
1,2,0,70,1,0000000000000f98
1,2,0,80,0,0000000000000fa0
1,2,0,80,1,0000000000000fa8
1,2,0,90,0,0000000000000fb0
1,2,0,90,1,0000000000000fb8
1,2,0,100,0,0000000000000fc0
1,2,0,100,1,0000000000000fc8
1,2,10,0,0,0000000000000fd0
1,2,10,0,1,0000000000000fd8
1,2,10,10,0,0000000000000fe0
1,2,10,10,1,0000000000000fe8
1,2,10,20,0,0000000000000ff0
1,2,10,20,1,0000000000000ff8
1,2,10,30,0,0000000000001000
1,2,10,30,1,0000000000001008
1,2,10,40,0,0000000000001010
1,2,10,40,1,0000000000001018
1,2,10,50,0,0000000000001020
1,2,10,50,1,0000000000001028
1,2,10,60,0,0000000000001030
1,2,10,60,1,0000000000001038
1,2,10,70,0,0000000000001040
1,2,10,70,1,0000000000001048
1,2,10,80,0,0000000000001050
1,2,10,80,1,0000000000001058
1,2,10,90,0,0000000000001060
1,2,10,90,1,0000000000001068
1,2,10,100,0,0000000000001070
1,2,10,100,1,0000000000001078
1,2,20,0,0,0000000000001080
1,2,20,0,1,0000000000001088
1,2,20,10,0,0000000000001090
1,2,20,10,1,0000000000001098
1,2,20,20,0,00000000000010a0
1,2,20,20,1,00000000000010a8
1,2,20,30,0,00000000000010b0
1,2,20,30,1,00000000000010b8
1,2,20,40,0,00000000000010c0
1,2,20,40,1,00000000000010c8
1,2,20,50,0,00000000000010d0
1,2,20,50,1,00000000000010d8
1,2,20,60,0,00000000000010e0
1,2,20,60,1,00000000000010e8
1,2,20,70,0,00000000000010f0
1,2,20,70,1,00000000000010f8
1,2,20,80,0,0000000000001100
1,2,20,80,1,0000000000001108
1,2,20,90,0,0000000000001110
1,2,20,90,1,0000000000001118
1,2,20,100,0,0000000000001120
1,2,20,100,1,0000000000001128
1,2,30,0,0,0000000000001130
1,2,30,0,1,0000000000001138
1,2,30,10,0,0000000000001140
1,2,30,10,1,0000000000001148
1,2,30,20,0,0000000000001150
1,2,30,20,1,0000000000001158
1,2,30,30,0,0000000000001160
1,2,30,30,1,0000000000001168
1,2,30,40,0,0000000000001170
1,2,30,40,1,0000000000001178
1,2,30,50,0,0000000000001180
1,2,30,50,1,0000000000001188
1,2,30,60,0,0000000000001190
1,2,30,60,1,0000000000001198
1,2,30,70,0,00000000000011a0
1,2,30,70,1,00000000000011a8
1,2,30,80,0,00000000000011b0
1,2,30,80,1,00000000000011b8
1,2,30,90,0,00000000000011c0
1,2,30,90,1,00000000000011c8
1,2,30,100,0,00000000000011d0
1,2,30,100,1,00000000000011d8
1,2,40,0,0,00000000000011e0
1,2,40,0,1,00000000000011e8
1,2,40,10,0,00000000000011f0
1,2,40,10,1,00000000000011f8
1,2,40,20,0,0000000000001200
1,2,40,20,1,0000000000001208
1,2,40,30,0,0000000000001210
1,2,40,30,1,0000000000001218
1,2,40,40,0,0000000000001220
1,2,40,40,1,0000000000001228
1,2,40,50,0,0000000000001230
1,2,40,50,1,0000000000001238
1,2,40,60,0,0000000000001240
1,2,40,60,1,0000000000001248
1,2,40,70,0,0000000000001250
1,2,40,70,1,0000000000001258
1,2,40,80,0,0000000000001260
1,2,40,80,1,0000000000001268
1,2,40,90,0,0000000000001270
1,2,40,90,1,0000000000001278
1,2,40,100,0,0000000000001280
1,2,40,100,1,0000000000001288
1,2,50,0,0,0000000000001290
1,2,50,0,1,0000000000001298
1,2,50,10,0,00000000000012a0
1,2,50,10,1,00000000000012a8
1,2,50,20,0,00000000000012b0
1,2,50,20,1,00000000000012b8
1,2,50,30,0,00000000000012c0
1,2,50,30,1,00000000000012c8
1,2,50,40,0,00000000000012d0
1,2,50,40,1,00000000000012d8
1,2,50,50,0,00000000000012e0
1,2,50,50,1,00000000000012e8
1,2,50,60,0,00000000000012f0
1,2,50,60,1,00000000000012f8
1,2,50,70,0,0000000000001300
1,2,50,70,1,0000000000001308
1,2,50,80,0,0000000000001310
1,2,50,80,1,0000000000001318
1,2,50,90,0,0000000000001320
1,2,50,90,1,0000000000001328
1,2,50,100,0,0000000000001330
1,2,50,100,1,0000000000001338
1,2,60,0,0,0000000000001340
1,2,60,0,1,0000000000001348
1,2,60,10,0,0000000000001350
1,2,60,10,1,0000000000001358
1,2,60,20,0,0000000000001360
1,2,60,20,1,0000000000001368
1,2,60,30,0,0000000000001370
1,2,60,30,1,0000000000001378
1,2,60,40,0,0000000000001380
1,2,60,40,1,0000000000001388
1,2,60,50,0,0000000000001390
1,2,60,50,1,0000000000001398
1,2,60,60,0,00000000000013a0
1,2,60,60,1,00000000000013a8
1,2,60,70,0,00000000000013b0
1,2,60,70,1,00000000000013b8
1,2,60,80,0,00000000000013c0
1,2,60,80,1,00000000000013c8
1,2,60,90,0,00000000000013d0
1,2,60,90,1,00000000000013d8
1,2,60,100,0,00000000000013e0
1,2,60,100,1,00000000000013e8
1,2,70,0,0,00000000000013f0
1,2,70,0,1,00000000000013f8
1,2,70,10,0,0000000000001400
1,2,70,10,1,0000000000001408
1,2,70,20,0,0000000000001410
1,2,70,20,1,0000000000001418
1,2,70,30,0,0000000000001420
1,2,70,30,1,0000000000001428
1,2,70,40,0,0000000000001430
1,2,70,40,1,0000000000001438
1,2,70,50,0,0000000000001440
1,2,70,50,1,0000000000001448
1,2,70,60,0,0000000000001450
1,2,70,60,1,0000000000001458
1,2,70,70,0,0000000000001460
1,2,70,70,1,0000000000001468
1,2,70,80,0,0000000000001470
1,2,70,80,1,0000000000001478
1,2,70,90,0,0000000000001480
1,2,70,90,1,0000000000001488
1,2,70,100,0,0000000000001490
1,2,70,100,1,0000000000001498
1,2,80,0,0,00000000000014a0
1,2,80,0,1,00000000000014a8
1,2,80,10,0,00000000000014b0
1,2,80,10,1,00000000000014b8
1,2,80,20,0,00000000000014c0
1,2,80,20,1,00000000000014c8
1,2,80,30,0,00000000000014d0
1,2,80,30,1,00000000000014d8
1,2,80,40,0,00000000000014e0
1,2,80,40,1,00000000000014e8
1,2,80,50,0,00000000000014f0
1,2,80,50,1,00000000000014f8
1,2,80,60,0,0000000000001500
1,2,80,60,1,0000000000001508
1,2,80,70,0,0000000000001510
1,2,80,70,1,0000000000001518
1,2,80,80,0,0000000000001520
1,2,80,80,1,0000000000001528
1,2,80,90,0,0000000000001530
1,2,80,90,1,0000000000001538
1,2,80,100,0,0000000000001540
1,2,80,100,1,0000000000001548
1,2,90,0,0,0000000000001550
1,2,90,0,1,0000000000001558
1,2,90,10,0,0000000000001560
1,2,90,10,1,0000000000001568
1,2,90,20,0,0000000000001570
1,2,90,20,1,0000000000001578
1,2,90,30,0,0000000000001580
1,2,90,30,1,0000000000001588
1,2,90,40,0,0000000000001590
1,2,90,40,1,0000000000001598
1,2,90,50,0,00000000000015a0
1,2,90,50,1,00000000000015a8
1,2,90,60,0,00000000000015b0
1,2,90,60,1,00000000000015b8
1,2,90,70,0,00000000000015c0
1,2,90,70,1,00000000000015c8
1,2,90,80,0,00000000000015d0
1,2,90,80,1,00000000000015d8
1,2,90,90,0,00000000000015e0
1,2,90,90,1,00000000000015e8
1,2,90,100,0,00000000000015f0
1,2,90,100,1,00000000000015f8
1,2,100,0,0,0000000000001600
1,2,100,0,1,0000000000001608
1,2,100,10,0,0000000000001610
1,2,100,10,1,0000000000001618
1,2,100,20,0,0000000000001620
1,2,100,20,1,0000000000001628
1,2,100,30,0,0000000000001630
1,2,100,30,1,0000000000001638
1,2,100,40,0,0000000000001640
1,2,100,40,1,0000000000001648
1,2,100,50,0,0000000000001650
1,2,100,50,1,0000000000001658
1,2,100,60,0,0000000000001660
1,2,100,60,1,0000000000001668
1,2,100,70,0,0000000000001670
1,2,100,70,1,0000000000001678
1,2,100,80,0,0000000000001680
1,2,100,80,1,0000000000001688
1,2,100,90,0,0000000000001690
1,2,100,90,1,0000000000001698
1,2,100,100,0,00000000000016a0
1,2,100,100,1,00000000000016a8
1,3,0,0,0,00000000000016b0
1,3,0,0,1,00000000000016b8
1,3,0,10,0,00000000000016c0
1,3,0,10,1,00000000000016c8
1,3,0,20,0,00000000000016d0
1,3,0,20,1,00000000000016d8
1,3,0,30,0,00000000000016e0
1,3,0,30,1,00000000000016e8
1,3,0,40,0,00000000000016f0
1,3,0,40,1,00000000000016f8
1,3,0,50,0,0000000000001700
1,3,0,50,1,0000000000001708
1,3,0,60,0,0000000000001710
1,3,0,60,1,0000000000001718
1,3,0,70,0,0000000000001720
1,3,0,70,1,0000000000001728
1,3,0,80,0,0000000000001730
1,3,0,80,1,0000000000001738
1,3,0,90,0,0000000000001740
1,3,0,90,1,0000000000001748
1,3,0,100,0,0000000000001750
1,3,0,100,1,0000000000001758
1,3,10,0,0,0000000000001760
1,3,10,0,1,0000000000001768
1,3,10,10,0,0000000000001770
1,3,10,10,1,0000000000001778
1,3,10,20,0,0000000000001780
1,3,10,20,1,0000000000001788
1,3,10,30,0,0000000000001790
1,3,10,30,1,0000000000001798
1,3,10,40,0,00000000000017a0
1,3,10,40,1,00000000000017a8
1,3,10,50,0,00000000000017b0
1,3,10,50,1,00000000000017b8
1,3,10,60,0,00000000000017c0
1,3,10,60,1,00000000000017c8
1,3,10,70,0,00000000000017d0
1,3,10,70,1,00000000000017d8
1,3,10,80,0,00000000000017e0
1,3,10,80,1,00000000000017e8
1,3,10,90,0,00000000000017f0
1,3,10,90,1,00000000000017f8
1,3,10,100,0,0000000000001800
1,3,10,100,1,0000000000001808
1,3,20,0,0,0000000000001810
1,3,20,0,1,0000000000001818
1,3,20,10,0,0000000000001820
1,3,20,10,1,0000000000001828
1,3,20,20,0,0000000000001830
1,3,20,20,1,0000000000001838
1,3,20,30,0,0000000000001840
1,3,20,30,1,0000000000001848
1,3,20,40,0,0000000000001850
1,3,20,40,1,0000000000001858
1,3,20,50,0,0000000000001860
1,3,20,50,1,0000000000001868
1,3,20,60,0,0000000000001870
1,3,20,60,1,0000000000001878
1,3,20,70,0,0000000000001880
1,3,20,70,1,0000000000001888
1,3,20,80,0,0000000000001890
1,3,20,80,1,0000000000001898
1,3,20,90,0,00000000000018a0
1,3,20,90,1,00000000000018a8
1,3,20,100,0,00000000000018b0
1,3,20,100,1,00000000000018b8
1,3,30,0,0,00000000000018c0
1,3,30,0,1,00000000000018c8
1,3,30,10,0,00000000000018d0
1,3,30,10,1,00000000000018d8
1,3,30,20,0,00000000000018e0
1,3,30,20,1,00000000000018e8
1,3,30,30,0,00000000000018f0
1,3,30,30,1,00000000000018f8
1,3,30,40,0,0000000000001900
1,3,30,40,1,0000000000001908
1,3,30,50,0,0000000000001910
1,3,30,50,1,0000000000001918
1,3,30,60,0,0000000000001920
1,3,30,60,1,0000000000001928
1,3,30,70,0,0000000000001930
1,3,30,70,1,0000000000001938
1,3,30,80,0,0000000000001940
1,3,30,80,1,0000000000001948
1,3,30,90,0,0000000000001950
1,3,30,90,1,0000000000001958
1,3,30,100,0,0000000000001960
1,3,30,100,1,0000000000001968
1,3,40,0,0,0000000000001970
1,3,40,0,1,0000000000001978
1,3,40,10,0,0000000000001980
1,3,40,10,1,0000000000001988
1,3,40,20,0,0000000000001990
1,3,40,20,1,0000000000001998
1,3,40,30,0,00000000000019a0
1,3,40,30,1,00000000000019a8
1,3,40,40,0,00000000000019b0
1,3,40,40,1,00000000000019b8
1,3,40,50,0,00000000000019c0
1,3,40,50,1,00000000000019c8
1,3,40,60,0,00000000000019d0
1,3,40,60,1,00000000000019d8
1,3,40,70,0,00000000000019e0
1,3,40,70,1,00000000000019e8
1,3,40,80,0,00000000000019f0
1,3,40,80,1,00000000000019f8
1,3,40,90,0,0000000000001a00
1,3,40,90,1,0000000000001a08
1,3,40,100,0,0000000000001a10
1,3,40,100,1,0000000000001a18
1,3,50,0,0,0000000000001a20
1,3,50,0,1,0000000000001a28
1,3,50,10,0,0000000000001a30
1,3,50,10,1,0000000000001a38
1,3,50,20,0,0000000000001a40
1,3,50,20,1,0000000000001a48
1,3,50,30,0,0000000000001a50
1,3,50,30,1,0000000000001a58
1,3,50,40,0,0000000000001a60
1,3,50,40,1,0000000000001a68
1,3,50,50,0,0000000000001a70
1,3,50,50,1,0000000000001a78
1,3,50,60,0,0000000000001a80
1,3,50,60,1,0000000000001a88
1,3,50,70,0,0000000000001a90
1,3,50,70,1,0000000000001a98
1,3,50,80,0,0000000000001aa0
1,3,50,80,1,0000000000001aa8
1,3,50,90,0,0000000000001ab0
1,3,50,90,1,0000000000001ab8
1,3,50,100,0,0000000000001ac0
1,3,50,100,1,0000000000001ac8
1,3,60,0,0,0000000000001ad0
1,3,60,0,1,0000000000001ad8
1,3,60,10,0,0000000000001ae0
1,3,60,10,1,0000000000001ae8
1,3,60,20,0,0000000000001af0
1,3,60,20,1,0000000000001af8
1,3,60,30,0,0000000000001b00
1,3,60,30,1,0000000000001b08
1,3,60,40,0,0000000000001b10
1,3,60,40,1,0000000000001b18
1,3,60,50,0,0000000000001b20
1,3,60,50,1,0000000000001b28
1,3,60,60,0,0000000000001b30
1,3,60,60,1,0000000000001b38
1,3,60,70,0,0000000000001b40
1,3,60,70,1,0000000000001b48
1,3,60,80,0,0000000000001b50
1,3,60,80,1,0000000000001b58
1,3,60,90,0,0000000000001b60
1,3,60,90,1,0000000000001b68
1,3,60,100,0,0000000000001b70
1,3,60,100,1,0000000000001b78
1,3,70,0,0,0000000000001b80
1,3,70,0,1,0000000000001b88
1,3,70,10,0,0000000000001b90
1,3,70,10,1,0000000000001b98
1,3,70,20,0,0000000000001ba0
1,3,70,20,1,0000000000001ba8
1,3,70,30,0,0000000000001bb0
1,3,70,30,1,0000000000001bb8
1,3,70,40,0,0000000000001bc0
1,3,70,40,1,0000000000001bc8
1,3,70,50,0,0000000000001bd0
1,3,70,50,1,0000000000001bd8
1,3,70,60,0,0000000000001be0
1,3,70,60,1,0000000000001be8
1,3,70,70,0,0000000000001bf0
1,3,70,70,1,0000000000001bf8
1,3,70,80,0,0000000000001c00
1,3,70,80,1,0000000000001c08
1,3,70,90,0,0000000000001c10
1,3,70,90,1,0000000000001c18
1,3,70,100,0,0000000000001c20
1,3,70,100,1,0000000000001c28
1,3,80,0,0,0000000000001c30
1,3,80,0,1,0000000000001c38
1,3,80,10,0,0000000000001c40
1,3,80,10,1,0000000000001c48
1,3,80,20,0,0000000000001c50
1,3,80,20,1,0000000000001c58
1,3,80,30,0,0000000000001c60
1,3,80,30,1,0000000000001c68
1,3,80,40,0,0000000000001c70
1,3,80,40,1,0000000000001c78
1,3,80,50,0,0000000000001c80
1,3,80,50,1,0000000000001c88
1,3,80,60,0,0000000000001c90
1,3,80,60,1,0000000000001c98
1,3,80,70,0,0000000000001ca0
1,3,80,70,1,0000000000001ca8
1,3,80,80,0,0000000000001cb0
1,3,80,80,1,0000000000001cb8
1,3,80,90,0,0000000000001cc0
1,3,80,90,1,0000000000001cc8
1,3,80,100,0,0000000000001cd0
1,3,80,100,1,0000000000001cd8
1,3,90,0,0,0000000000001ce0
1,3,90,0,1,0000000000001ce8
1,3,90,10,0,0000000000001cf0
1,3,90,10,1,0000000000001cf8
1,3,90,20,0,0000000000001d00
1,3,90,20,1,0000000000001d08
1,3,90,30,0,0000000000001d10
1,3,90,30,1,0000000000001d18
1,3,90,40,0,0000000000001d20
1,3,90,40,1,0000000000001d28
1,3,90,50,0,0000000000001d30
1,3,90,50,1,0000000000001d38
1,3,90,60,0,0000000000001d40
1,3,90,60,1,0000000000001d48
1,3,90,70,0,0000000000001d50
1,3,90,70,1,0000000000001d58
1,3,90,80,0,0000000000001d60
1,3,90,80,1,0000000000001d68
1,3,90,90,0,0000000000001d70
1,3,90,90,1,0000000000001d78
1,3,90,100,0,0000000000001d80
1,3,90,100,1,0000000000001d88
1,3,100,0,0,0000000000001d90
1,3,100,0,1,0000000000001d98
1,3,100,10,0,0000000000001da0
1,3,100,10,1,0000000000001da8
1,3,100,20,0,0000000000001db0
1,3,100,20,1,0000000000001db8
1,3,100,30,0,0000000000001dc0
1,3,100,30,1,0000000000001dc8
1,3,100,40,0,0000000000001dd0
1,3,100,40,1,0000000000001dd8
1,3,100,50,0,0000000000001de0
1,3,100,50,1,0000000000001de8
1,3,100,60,0,0000000000001df0
1,3,100,60,1,0000000000001df8
1,3,100,70,0,0000000000001e00
1,3,100,70,1,0000000000001e08
1,3,100,80,0,0000000000001e10
1,3,100,80,1,0000000000001e18
1,3,100,90,0,0000000000001e20
1,3,100,90,1,0000000000001e28
1,3,100,100,0,0000000000001e30
1,3,100,100,1,0000000000001e38
2,0,0,0,0,0000000000001e40
2,0,0,0,1,0000000000001e48
2,0,0,10,0,0000000000001e50
2,0,0,10,1,0000000000001e58
2,0,0,20,0,0000000000001e60
2,0,0,20,1,0000000000001e68
2,0,0,30,0,0000000000001e70
2,0,0,30,1,0000000000001e78
2,0,0,40,0,0000000000001e80
2,0,0,40,1,0000000000001e88
2,0,0,50,0,0000000000001e90
2,0,0,50,1,0000000000001e98
2,0,0,60,0,0000000000001ea0
2,0,0,60,1,0000000000001ea8
2,0,0,70,0,0000000000001eb0
2,0,0,70,1,0000000000001eb8
2,0,0,80,0,0000000000001ec0
2,0,0,80,1,0000000000001ec8
2,0,0,90,0,0000000000001ed0
2,0,0,90,1,0000000000001ed8
2,0,0,100,0,0000000000001ee0
2,0,0,100,1,0000000000001ee8
2,0,10,0,0,0000000000001ef0
2,0,10,0,1,0000000000001ef8
2,0,10,10,0,0000000000001f00
2,0,10,10,1,0000000000001f08
2,0,10,20,0,0000000000001f10
2,0,10,20,1,0000000000001f18
2,0,10,30,0,0000000000001f20
2,0,10,30,1,0000000000001f28
2,0,10,40,0,0000000000001f30
2,0,10,40,1,0000000000001f38
2,0,10,50,0,0000000000001f40
2,0,10,50,1,0000000000001f48
2,0,10,60,0,0000000000001f50
2,0,10,60,1,0000000000001f58
2,0,10,70,0,0000000000001f60
2,0,10,70,1,0000000000001f68
2,0,10,80,0,0000000000001f70
2,0,10,80,1,0000000000001f78
2,0,10,90,0,0000000000001f80
2,0,10,90,1,0000000000001f88
2,0,10,100,0,0000000000001f90
2,0,10,100,1,0000000000001f98
2,0,20,0,0,0000000000001fa0
2,0,20,0,1,0000000000001fa8
2,0,20,10,0,0000000000001fb0
2,0,20,10,1,0000000000001fb8
2,0,20,20,0,0000000000001fc0
2,0,20,20,1,0000000000001fc8
2,0,20,30,0,0000000000001fd0
2,0,20,30,1,0000000000001fd8
2,0,20,40,0,0000000000001fe0
2,0,20,40,1,0000000000001fe8
2,0,20,50,0,0000000000001ff0
2,0,20,50,1,0000000000001ff8
2,0,20,60,0,0000000000002000
2,0,20,60,1,0000000000002008
2,0,20,70,0,0000000000002010
2,0,20,70,1,0000000000002018
2,0,20,80,0,0000000000002020
2,0,20,80,1,0000000000002028
2,0,20,90,0,0000000000002030
2,0,20,90,1,0000000000002038
2,0,20,100,0,0000000000002040
2,0,20,100,1,0000000000002048
2,0,30,0,0,0000000000002050
2,0,30,0,1,0000000000002058
2,0,30,10,0,0000000000002060
2,0,30,10,1,0000000000002068
2,0,30,20,0,0000000000002070
2,0,30,20,1,0000000000002078
2,0,30,30,0,0000000000002080
2,0,30,30,1,0000000000002088
2,0,30,40,0,0000000000002090
2,0,30,40,1,0000000000002098
2,0,30,50,0,00000000000020a0
2,0,30,50,1,00000000000020a8
2,0,30,60,0,00000000000020b0
2,0,30,60,1,00000000000020b8
2,0,30,70,0,00000000000020c0
2,0,30,70,1,00000000000020c8
2,0,30,80,0,00000000000020d0
2,0,30,80,1,00000000000020d8
2,0,30,90,0,00000000000020e0
2,0,30,90,1,00000000000020e8
2,0,30,100,0,00000000000020f0
2,0,30,100,1,00000000000020f8
2,0,40,0,0,0000000000002100
2,0,40,0,1,0000000000002108
2,0,40,10,0,0000000000002110
2,0,40,10,1,0000000000002118
2,0,40,20,0,0000000000002120
2,0,40,20,1,0000000000002128
2,0,40,30,0,0000000000002130
2,0,40,30,1,0000000000002138
2,0,40,40,0,0000000000002140
2,0,40,40,1,0000000000002148
2,0,40,50,0,0000000000002150
2,0,40,50,1,0000000000002158
2,0,40,60,0,0000000000002160
2,0,40,60,1,0000000000002168
2,0,40,70,0,0000000000002170
2,0,40,70,1,0000000000002178
2,0,40,80,0,0000000000002180
2,0,40,80,1,0000000000002188
2,0,40,90,0,0000000000002190
2,0,40,90,1,0000000000002198
2,0,40,100,0,00000000000021a0
2,0,40,100,1,00000000000021a8
2,0,50,0,0,00000000000021b0
2,0,50,0,1,00000000000021b8
2,0,50,10,0,00000000000021c0
2,0,50,10,1,00000000000021c8
2,0,50,20,0,00000000000021d0
2,0,50,20,1,00000000000021d8
2,0,50,30,0,00000000000021e0
2,0,50,30,1,00000000000021e8
2,0,50,40,0,00000000000021f0
2,0,50,40,1,00000000000021f8
2,0,50,50,0,0000000000002200
2,0,50,50,1,0000000000002208
2,0,50,60,0,0000000000002210
2,0,50,60,1,0000000000002218
2,0,50,70,0,0000000000002220
2,0,50,70,1,0000000000002228
2,0,50,80,0,0000000000002230
2,0,50,80,1,0000000000002238
2,0,50,90,0,0000000000002240
2,0,50,90,1,0000000000002248
2,0,50,100,0,0000000000002250
2,0,50,100,1,0000000000002258
2,0,60,0,0,0000000000002260
2,0,60,0,1,0000000000002268
2,0,60,10,0,0000000000002270
2,0,60,10,1,0000000000002278
2,0,60,20,0,0000000000002280
2,0,60,20,1,0000000000002288
2,0,60,30,0,0000000000002290
2,0,60,30,1,0000000000002298
2,0,60,40,0,00000000000022a0
2,0,60,40,1,00000000000022a8
2,0,60,50,0,00000000000022b0
2,0,60,50,1,00000000000022b8
2,0,60,60,0,00000000000022c0
2,0,60,60,1,00000000000022c8
2,0,60,70,0,00000000000022d0
2,0,60,70,1,00000000000022d8
2,0,60,80,0,00000000000022e0
2,0,60,80,1,00000000000022e8
2,0,60,90,0,00000000000022f0
2,0,60,90,1,00000000000022f8
2,0,60,100,0,0000000000002300
2,0,60,100,1,0000000000002308
2,0,70,0,0,0000000000002310
2,0,70,0,1,0000000000002318
2,0,70,10,0,0000000000002320
2,0,70,10,1,0000000000002328
2,0,70,20,0,0000000000002330
2,0,70,20,1,0000000000002338
2,0,70,30,0,0000000000002340
2,0,70,30,1,0000000000002348
2,0,70,40,0,0000000000002350
2,0,70,40,1,0000000000002358
2,0,70,50,0,0000000000002360
2,0,70,50,1,0000000000002368
2,0,70,60,0,0000000000002370
2,0,70,60,1,0000000000002378
2,0,70,70,0,0000000000002380
2,0,70,70,1,0000000000002388
2,0,70,80,0,0000000000002390
2,0,70,80,1,0000000000002398
2,0,70,90,0,00000000000023a0
2,0,70,90,1,00000000000023a8
2,0,70,100,0,00000000000023b0
2,0,70,100,1,00000000000023b8
2,0,80,0,0,00000000000023c0
2,0,80,0,1,00000000000023c8
2,0,80,10,0,00000000000023d0
2,0,80,10,1,00000000000023d8
2,0,80,20,0,00000000000023e0
2,0,80,20,1,00000000000023e8
2,0,80,30,0,00000000000023f0
2,0,80,30,1,00000000000023f8
2,0,80,40,0,0000000000002400
2,0,80,40,1,0000000000002408
2,0,80,50,0,0000000000002410
2,0,80,50,1,0000000000002418
2,0,80,60,0,0000000000002420
2,0,80,60,1,0000000000002428
2,0,80,70,0,0000000000002430
2,0,80,70,1,0000000000002438
2,0,80,80,0,0000000000002440
2,0,80,80,1,0000000000002448
2,0,80,90,0,0000000000002450
2,0,80,90,1,0000000000002458
2,0,80,100,0,0000000000002460
2,0,80,100,1,0000000000002468
2,0,90,0,0,0000000000002470
2,0,90,0,1,0000000000002478
2,0,90,10,0,0000000000002480
2,0,90,10,1,0000000000002488
2,0,90,20,0,0000000000002490
2,0,90,20,1,0000000000002498
2,0,90,30,0,00000000000024a0
2,0,90,30,1,00000000000024a8
2,0,90,40,0,00000000000024b0
2,0,90,40,1,00000000000024b8
2,0,90,50,0,00000000000024c0
2,0,90,50,1,00000000000024c8
2,0,90,60,0,00000000000024d0
2,0,90,60,1,00000000000024d8
2,0,90,70,0,00000000000024e0
2,0,90,70,1,00000000000024e8
2,0,90,80,0,00000000000024f0
2,0,90,80,1,00000000000024f8
2,0,90,90,0,0000000000002500
2,0,90,90,1,0000000000002508
2,0,90,100,0,0000000000002510
2,0,90,100,1,0000000000002518
2,0,100,0,0,0000000000002520
2,0,100,0,1,0000000000002528
2,0,100,10,0,0000000000002530
2,0,100,10,1,0000000000002538
2,0,100,20,0,0000000000002540
2,0,100,20,1,0000000000002548
2,0,100,30,0,0000000000002550
2,0,100,30,1,0000000000002558
2,0,100,40,0,0000000000002560
2,0,100,40,1,0000000000002568
2,0,100,50,0,0000000000002570
2,0,100,50,1,0000000000002578
2,0,100,60,0,0000000000002580
2,0,100,60,1,0000000000002588
2,0,100,70,0,0000000000002590
2,0,100,70,1,0000000000002598
2,0,100,80,0,00000000000025a0
2,0,100,80,1,00000000000025a8
2,0,100,90,0,00000000000025b0
2,0,100,90,1,00000000000025b8
2,0,100,100,0,00000000000025c0
2,0,100,100,1,00000000000025c8
2,1,0,0,0,00000000000025d0
2,1,0,0,1,00000000000025d8
2,1,0,10,0,00000000000025e0
2,1,0,10,1,00000000000025e8
2,1,0,20,0,00000000000025f0
2,1,0,20,1,00000000000025f8
2,1,0,30,0,0000000000002600
2,1,0,30,1,0000000000002608
2,1,0,40,0,0000000000002610
2,1,0,40,1,0000000000002618
2,1,0,50,0,0000000000002620
2,1,0,50,1,0000000000002628
2,1,0,60,0,0000000000002630
2,1,0,60,1,0000000000002638
2,1,0,70,0,0000000000002640
2,1,0,70,1,0000000000002648
2,1,0,80,0,0000000000002650
2,1,0,80,1,0000000000002658
2,1,0,90,0,0000000000002660
2,1,0,90,1,0000000000002668
2,1,0,100,0,0000000000002670
2,1,0,100,1,0000000000002678
2,1,10,0,0,0000000000002680
2,1,10,0,1,0000000000002688
2,1,10,10,0,0000000000002690
2,1,10,10,1,0000000000002698
2,1,10,20,0,00000000000026a0
2,1,10,20,1,00000000000026a8
2,1,10,30,0,00000000000026b0
2,1,10,30,1,00000000000026b8
2,1,10,40,0,00000000000026c0
2,1,10,40,1,00000000000026c8
2,1,10,50,0,00000000000026d0
2,1,10,50,1,00000000000026d8
2,1,10,60,0,00000000000026e0
2,1,10,60,1,00000000000026e8
2,1,10,70,0,00000000000026f0
2,1,10,70,1,00000000000026f8
2,1,10,80,0,0000000000002700
2,1,10,80,1,0000000000002708
2,1,10,90,0,0000000000002710
2,1,10,90,1,0000000000002718
2,1,10,100,0,0000000000002720
2,1,10,100,1,0000000000002728
2,1,20,0,0,0000000000002730
2,1,20,0,1,0000000000002738
2,1,20,10,0,0000000000002740
2,1,20,10,1,0000000000002748
2,1,20,20,0,0000000000002750
2,1,20,20,1,0000000000002758
2,1,20,30,0,0000000000002760
2,1,20,30,1,0000000000002768
2,1,20,40,0,0000000000002770
2,1,20,40,1,0000000000002778
2,1,20,50,0,0000000000002780
2,1,20,50,1,0000000000002788
2,1,20,60,0,0000000000002790
2,1,20,60,1,0000000000002798
2,1,20,70,0,00000000000027a0
2,1,20,70,1,00000000000027a8
2,1,20,80,0,00000000000027b0
2,1,20,80,1,00000000000027b8
2,1,20,90,0,00000000000027c0
2,1,20,90,1,00000000000027c8
2,1,20,100,0,00000000000027d0
2,1,20,100,1,00000000000027d8
2,1,30,0,0,00000000000027e0
2,1,30,0,1,00000000000027e8
2,1,30,10,0,00000000000027f0
2,1,30,10,1,00000000000027f8
2,1,30,20,0,0000000000002800
2,1,30,20,1,0000000000002808
2,1,30,30,0,0000000000002810
2,1,30,30,1,0000000000002818
2,1,30,40,0,0000000000002820
2,1,30,40,1,0000000000002828
2,1,30,50,0,0000000000002830
2,1,30,50,1,0000000000002838
2,1,30,60,0,0000000000002840
2,1,30,60,1,0000000000002848
2,1,30,70,0,0000000000002850
2,1,30,70,1,0000000000002858
2,1,30,80,0,0000000000002860
2,1,30,80,1,0000000000002868
2,1,30,90,0,0000000000002870
2,1,30,90,1,0000000000002878
2,1,30,100,0,0000000000002880
2,1,30,100,1,0000000000002888
2,1,40,0,0,0000000000002890
2,1,40,0,1,0000000000002898
2,1,40,10,0,00000000000028a0
2,1,40,10,1,00000000000028a8
2,1,40,20,0,00000000000028b0
2,1,40,20,1,00000000000028b8
2,1,40,30,0,00000000000028c0
2,1,40,30,1,00000000000028c8
2,1,40,40,0,00000000000028d0
2,1,40,40,1,00000000000028d8
2,1,40,50,0,00000000000028e0
2,1,40,50,1,00000000000028e8
2,1,40,60,0,00000000000028f0
2,1,40,60,1,00000000000028f8
2,1,40,70,0,0000000000002900
2,1,40,70,1,0000000000002908
2,1,40,80,0,0000000000002910
2,1,40,80,1,0000000000002918
2,1,40,90,0,0000000000002920
2,1,40,90,1,0000000000002928
2,1,40,100,0,0000000000002930
2,1,40,100,1,0000000000002938
2,1,50,0,0,0000000000002940
2,1,50,0,1,0000000000002948
2,1,50,10,0,0000000000002950
2,1,50,10,1,0000000000002958
2,1,50,20,0,0000000000002960
2,1,50,20,1,0000000000002968
2,1,50,30,0,0000000000002970
2,1,50,30,1,0000000000002978
2,1,50,40,0,0000000000002980
2,1,50,40,1,0000000000002988
2,1,50,50,0,0000000000002990
2,1,50,50,1,0000000000002998
2,1,50,60,0,00000000000029a0
2,1,50,60,1,00000000000029a8
2,1,50,70,0,00000000000029b0
2,1,50,70,1,00000000000029b8
2,1,50,80,0,00000000000029c0
2,1,50,80,1,00000000000029c8
2,1,50,90,0,00000000000029d0
2,1,50,90,1,00000000000029d8
2,1,50,100,0,00000000000029e0
2,1,50,100,1,00000000000029e8
2,1,60,0,0,00000000000029f0
2,1,60,0,1,00000000000029f8
2,1,60,10,0,0000000000002a00
2,1,60,10,1,0000000000002a08
2,1,60,20,0,0000000000002a10
2,1,60,20,1,0000000000002a18
2,1,60,30,0,0000000000002a20
2,1,60,30,1,0000000000002a28
2,1,60,40,0,0000000000002a30
2,1,60,40,1,0000000000002a38
2,1,60,50,0,0000000000002a40
2,1,60,50,1,0000000000002a48
2,1,60,60,0,0000000000002a50
2,1,60,60,1,0000000000002a58
2,1,60,70,0,0000000000002a60
2,1,60,70,1,0000000000002a68
2,1,60,80,0,0000000000002a70
2,1,60,80,1,0000000000002a78
2,1,60,90,0,0000000000002a80
2,1,60,90,1,0000000000002a88
2,1,60,100,0,0000000000002a90
2,1,60,100,1,0000000000002a98
2,1,70,0,0,0000000000002aa0
2,1,70,0,1,0000000000002aa8
2,1,70,10,0,0000000000002ab0
2,1,70,10,1,0000000000002ab8
2,1,70,20,0,0000000000002ac0
2,1,70,20,1,0000000000002ac8
2,1,70,30,0,0000000000002ad0
2,1,70,30,1,0000000000002ad8
2,1,70,40,0,0000000000002ae0
2,1,70,40,1,0000000000002ae8
2,1,70,50,0,0000000000002af0
2,1,70,50,1,0000000000002af8
2,1,70,60,0,0000000000002b00
2,1,70,60,1,0000000000002b08
2,1,70,70,0,0000000000002b10
2,1,70,70,1,0000000000002b18
2,1,70,80,0,0000000000002b20
2,1,70,80,1,0000000000002b28
2,1,70,90,0,0000000000002b30
2,1,70,90,1,0000000000002b38
2,1,70,100,0,0000000000002b40
2,1,70,100,1,0000000000002b48
2,1,80,0,0,0000000000002b50
2,1,80,0,1,0000000000002b58
2,1,80,10,0,0000000000002b60
2,1,80,10,1,0000000000002b68
2,1,80,20,0,0000000000002b70
2,1,80,20,1,0000000000002b78
2,1,80,30,0,0000000000002b80
2,1,80,30,1,0000000000002b88
2,1,80,40,0,0000000000002b90
2,1,80,40,1,0000000000002b98
2,1,80,50,0,0000000000002ba0
2,1,80,50,1,0000000000002ba8
2,1,80,60,0,0000000000002bb0
2,1,80,60,1,0000000000002bb8
2,1,80,70,0,0000000000002bc0
2,1,80,70,1,0000000000002bc8
2,1,80,80,0,0000000000002bd0
2,1,80,80,1,0000000000002bd8
2,1,80,90,0,0000000000002be0
2,1,80,90,1,0000000000002be8
2,1,80,100,0,0000000000002bf0
2,1,80,100,1,0000000000002bf8
2,1,90,0,0,0000000000002c00
2,1,90,0,1,0000000000002c08
2,1,90,10,0,0000000000002c10
2,1,90,10,1,0000000000002c18
2,1,90,20,0,0000000000002c20
2,1,90,20,1,0000000000002c28
2,1,90,30,0,0000000000002c30
2,1,90,30,1,0000000000002c38
2,1,90,40,0,0000000000002c40
2,1,90,40,1,0000000000002c48
2,1,90,50,0,0000000000002c50
2,1,90,50,1,0000000000002c58
2,1,90,60,0,0000000000002c60
2,1,90,60,1,0000000000002c68
2,1,90,70,0,0000000000002c70
2,1,90,70,1,0000000000002c78
2,1,90,80,0,0000000000002c80
2,1,90,80,1,0000000000002c88
2,1,90,90,0,0000000000002c90
2,1,90,90,1,0000000000002c98
2,1,90,100,0,0000000000002ca0
2,1,90,100,1,0000000000002ca8
2,1,100,0,0,0000000000002cb0
2,1,100,0,1,0000000000002cb8
2,1,100,10,0,0000000000002cc0
2,1,100,10,1,0000000000002cc8
2,1,100,20,0,0000000000002cd0
2,1,100,20,1,0000000000002cd8
2,1,100,30,0,0000000000002ce0
2,1,100,30,1,0000000000002ce8
2,1,100,40,0,0000000000002cf0
2,1,100,40,1,0000000000002cf8
2,1,100,50,0,0000000000002d00
2,1,100,50,1,0000000000002d08
2,1,100,60,0,0000000000002d10
2,1,100,60,1,0000000000002d18
2,1,100,70,0,0000000000002d20
2,1,100,70,1,0000000000002d28
2,1,100,80,0,0000000000002d30
2,1,100,80,1,0000000000002d38
2,1,100,90,0,0000000000002d40
2,1,100,90,1,0000000000002d48
2,1,100,100,0,0000000000002d50
2,1,100,100,1,0000000000002d58
2,2,0,0,0,0000000000002d60
2,2,0,0,1,0000000000002d68
2,2,0,10,0,0000000000002d70
2,2,0,10,1,0000000000002d78
2,2,0,20,0,0000000000002d80
2,2,0,20,1,0000000000002d88
2,2,0,30,0,0000000000002d90
2,2,0,30,1,0000000000002d98
2,2,0,40,0,0000000000002da0
2,2,0,40,1,0000000000002da8
2,2,0,50,0,0000000000002db0
2,2,0,50,1,0000000000002db8
2,2,0,60,0,0000000000002dc0
2,2,0,60,1,0000000000002dc8
2,2,0,70,0,0000000000002dd0
2,2,0,70,1,0000000000002dd8
2,2,0,80,0,0000000000002de0
2,2,0,80,1,0000000000002de8
2,2,0,90,0,0000000000002df0
2,2,0,90,1,0000000000002df8
2,2,0,100,0,0000000000002e00
2,2,0,100,1,0000000000002e08
2,2,10,0,0,0000000000002e10
2,2,10,0,1,0000000000002e18
2,2,10,10,0,0000000000002e20
2,2,10,10,1,0000000000002e28
2,2,10,20,0,0000000000002e30
2,2,10,20,1,0000000000002e38
2,2,10,30,0,0000000000002e40
2,2,10,30,1,0000000000002e48
2,2,10,40,0,0000000000002e50
2,2,10,40,1,0000000000002e58
2,2,10,50,0,0000000000002e60
2,2,10,50,1,0000000000002e68
2,2,10,60,0,0000000000002e70
2,2,10,60,1,0000000000002e78
2,2,10,70,0,0000000000002e80
2,2,10,70,1,0000000000002e88
2,2,10,80,0,0000000000002e90
2,2,10,80,1,0000000000002e98
2,2,10,90,0,0000000000002ea0
2,2,10,90,1,0000000000002ea8
2,2,10,100,0,0000000000002eb0
2,2,10,100,1,0000000000002eb8
2,2,20,0,0,0000000000002ec0
2,2,20,0,1,0000000000002ec8
2,2,20,10,0,0000000000002ed0
2,2,20,10,1,0000000000002ed8
2,2,20,20,0,0000000000002ee0
2,2,20,20,1,0000000000002ee8
2,2,20,30,0,0000000000002ef0
2,2,20,30,1,0000000000002ef8
2,2,20,40,0,0000000000002f00
2,2,20,40,1,0000000000002f08
2,2,20,50,0,0000000000002f10
2,2,20,50,1,0000000000002f18
2,2,20,60,0,0000000000002f20
2,2,20,60,1,0000000000002f28
2,2,20,70,0,0000000000002f30
2,2,20,70,1,0000000000002f38
2,2,20,80,0,0000000000002f40
2,2,20,80,1,0000000000002f48
2,2,20,90,0,0000000000002f50
2,2,20,90,1,0000000000002f58
2,2,20,100,0,0000000000002f60
2,2,20,100,1,0000000000002f68
2,2,30,0,0,0000000000002f70
2,2,30,0,1,0000000000002f78
2,2,30,10,0,0000000000002f80
2,2,30,10,1,0000000000002f88
2,2,30,20,0,0000000000002f90
2,2,30,20,1,0000000000002f98
2,2,30,30,0,0000000000002fa0
2,2,30,30,1,0000000000002fa8
2,2,30,40,0,0000000000002fb0
2,2,30,40,1,0000000000002fb8
2,2,30,50,0,0000000000002fc0
2,2,30,50,1,0000000000002fc8
2,2,30,60,0,0000000000002fd0
2,2,30,60,1,0000000000002fd8
2,2,30,70,0,0000000000002fe0
2,2,30,70,1,0000000000002fe8
2,2,30,80,0,0000000000002ff0
2,2,30,80,1,0000000000002ff8
2,2,30,90,0,0000000000003000
2,2,30,90,1,0000000000003008
2,2,30,100,0,0000000000003010
2,2,30,100,1,0000000000003018
2,2,40,0,0,0000000000003020
2,2,40,0,1,0000000000003028
2,2,40,10,0,0000000000003030
2,2,40,10,1,0000000000003038
2,2,40,20,0,0000000000003040
2,2,40,20,1,0000000000003048
2,2,40,30,0,0000000000003050
2,2,40,30,1,0000000000003058
2,2,40,40,0,0000000000003060
2,2,40,40,1,0000000000003068
2,2,40,50,0,0000000000003070
2,2,40,50,1,0000000000003078
2,2,40,60,0,0000000000003080
2,2,40,60,1,0000000000003088
2,2,40,70,0,0000000000003090
2,2,40,70,1,0000000000003098
2,2,40,80,0,00000000000030a0
2,2,40,80,1,00000000000030a8
2,2,40,90,0,00000000000030b0
2,2,40,90,1,00000000000030b8
2,2,40,100,0,00000000000030c0
2,2,40,100,1,00000000000030c8
2,2,50,0,0,00000000000030d0
2,2,50,0,1,00000000000030d8
2,2,50,10,0,00000000000030e0
2,2,50,10,1,00000000000030e8
2,2,50,20,0,00000000000030f0
2,2,50,20,1,00000000000030f8
2,2,50,30,0,0000000000003100
2,2,50,30,1,0000000000003108
2,2,50,40,0,0000000000003110
2,2,50,40,1,0000000000003118
2,2,50,50,0,0000000000003120
2,2,50,50,1,0000000000003128
2,2,50,60,0,0000000000003130
2,2,50,60,1,0000000000003138
2,2,50,70,0,0000000000003140
2,2,50,70,1,0000000000003148
2,2,50,80,0,0000000000003150
2,2,50,80,1,0000000000003158
2,2,50,90,0,0000000000003160
2,2,50,90,1,0000000000003168
2,2,50,100,0,0000000000003170
2,2,50,100,1,0000000000003178
2,2,60,0,0,0000000000003180
2,2,60,0,1,0000000000003188
2,2,60,10,0,0000000000003190
2,2,60,10,1,0000000000003198
2,2,60,20,0,00000000000031a0
2,2,60,20,1,00000000000031a8
2,2,60,30,0,00000000000031b0
2,2,60,30,1,00000000000031b8
2,2,60,40,0,00000000000031c0
2,2,60,40,1,00000000000031c8
2,2,60,50,0,00000000000031d0
2,2,60,50,1,00000000000031d8
2,2,60,60,0,00000000000031e0
2,2,60,60,1,00000000000031e8
2,2,60,70,0,00000000000031f0
2,2,60,70,1,00000000000031f8
2,2,60,80,0,0000000000003200
2,2,60,80,1,0000000000003208
2,2,60,90,0,0000000000003210
2,2,60,90,1,0000000000003218
2,2,60,100,0,0000000000003220
2,2,60,100,1,0000000000003228
2,2,70,0,0,0000000000003230
2,2,70,0,1,0000000000003238
2,2,70,10,0,0000000000003240
2,2,70,10,1,0000000000003248
2,2,70,20,0,0000000000003250
2,2,70,20,1,0000000000003258
2,2,70,30,0,0000000000003260
2,2,70,30,1,0000000000003268
2,2,70,40,0,0000000000003270
2,2,70,40,1,0000000000003278
2,2,70,50,0,0000000000003280
2,2,70,50,1,0000000000003288
2,2,70,60,0,0000000000003290
2,2,70,60,1,0000000000003298
2,2,70,70,0,00000000000032a0
2,2,70,70,1,00000000000032a8
2,2,70,80,0,00000000000032b0
2,2,70,80,1,00000000000032b8
2,2,70,90,0,00000000000032c0
2,2,70,90,1,00000000000032c8
2,2,70,100,0,00000000000032d0
2,2,70,100,1,00000000000032d8
2,2,80,0,0,00000000000032e0
2,2,80,0,1,00000000000032e8
2,2,80,10,0,00000000000032f0
2,2,80,10,1,00000000000032f8
2,2,80,20,0,0000000000003300
2,2,80,20,1,0000000000003308
2,2,80,30,0,0000000000003310
2,2,80,30,1,0000000000003318
2,2,80,40,0,0000000000003320
2,2,80,40,1,0000000000003328
2,2,80,50,0,0000000000003330
2,2,80,50,1,0000000000003338
2,2,80,60,0,0000000000003340
2,2,80,60,1,0000000000003348
2,2,80,70,0,0000000000003350
2,2,80,70,1,0000000000003358
2,2,80,80,0,0000000000003360
2,2,80,80,1,0000000000003368
2,2,80,90,0,0000000000003370
2,2,80,90,1,0000000000003378
2,2,80,100,0,0000000000003380
2,2,80,100,1,0000000000003388
2,2,90,0,0,0000000000003390
2,2,90,0,1,0000000000003398
2,2,90,10,0,00000000000033a0
2,2,90,10,1,00000000000033a8
2,2,90,20,0,00000000000033b0
2,2,90,20,1,00000000000033b8
2,2,90,30,0,00000000000033c0
2,2,90,30,1,00000000000033c8
2,2,90,40,0,00000000000033d0
2,2,90,40,1,00000000000033d8
2,2,90,50,0,00000000000033e0
2,2,90,50,1,00000000000033e8
2,2,90,60,0,00000000000033f0
2,2,90,60,1,00000000000033f8
2,2,90,70,0,0000000000003400
2,2,90,70,1,0000000000003408
2,2,90,80,0,0000000000003410
2,2,90,80,1,0000000000003418
2,2,90,90,0,0000000000003420
2,2,90,90,1,0000000000003428
2,2,90,100,0,0000000000003430
2,2,90,100,1,0000000000003438
2,2,100,0,0,0000000000003440
2,2,100,0,1,0000000000003448
2,2,100,10,0,0000000000003450
2,2,100,10,1,0000000000003458
2,2,100,20,0,0000000000003460
2,2,100,20,1,0000000000003468
2,2,100,30,0,0000000000003470
2,2,100,30,1,0000000000003478
2,2,100,40,0,0000000000003480
2,2,100,40,1,0000000000003488
2,2,100,50,0,0000000000003490
2,2,100,50,1,0000000000003498
2,2,100,60,0,00000000000034a0
2,2,100,60,1,00000000000034a8
2,2,100,70,0,00000000000034b0
2,2,100,70,1,00000000000034b8
2,2,100,80,0,00000000000034c0
2,2,100,80,1,00000000000034c8
2,2,100,90,0,00000000000034d0
2,2,100,90,1,00000000000034d8
2,2,100,100,0,00000000000034e0
2,2,100,100,1,00000000000034e8
2,3,0,0,0,00000000000034f0
2,3,0,0,1,00000000000034f8
2,3,0,10,0,0000000000003500
2,3,0,10,1,0000000000003508
2,3,0,20,0,0000000000003510
2,3,0,20,1,0000000000003518
2,3,0,30,0,0000000000003520
2,3,0,30,1,0000000000003528
2,3,0,40,0,0000000000003530
2,3,0,40,1,0000000000003538
2,3,0,50,0,0000000000003540
2,3,0,50,1,0000000000003548
2,3,0,60,0,0000000000003550
2,3,0,60,1,0000000000003558
2,3,0,70,0,0000000000003560
2,3,0,70,1,0000000000003568
2,3,0,80,0,0000000000003570
2,3,0,80,1,0000000000003578
2,3,0,90,0,0000000000003580
2,3,0,90,1,0000000000003588
2,3,0,100,0,0000000000003590
2,3,0,100,1,0000000000003598
2,3,10,0,0,00000000000035a0
2,3,10,0,1,00000000000035a8
2,3,10,10,0,00000000000035b0
2,3,10,10,1,00000000000035b8
2,3,10,20,0,00000000000035c0
2,3,10,20,1,00000000000035c8
2,3,10,30,0,00000000000035d0
2,3,10,30,1,00000000000035d8
2,3,10,40,0,00000000000035e0
2,3,10,40,1,00000000000035e8
2,3,10,50,0,00000000000035f0
2,3,10,50,1,00000000000035f8
2,3,10,60,0,0000000000003600
2,3,10,60,1,0000000000003608
2,3,10,70,0,0000000000003610
2,3,10,70,1,0000000000003618
2,3,10,80,0,0000000000003620
2,3,10,80,1,0000000000003628
2,3,10,90,0,0000000000003630
2,3,10,90,1,0000000000003638
2,3,10,100,0,0000000000003640
2,3,10,100,1,0000000000003648
2,3,20,0,0,0000000000003650
2,3,20,0,1,0000000000003658
2,3,20,10,0,0000000000003660
2,3,20,10,1,0000000000003668
2,3,20,20,0,0000000000003670
2,3,20,20,1,0000000000003678
2,3,20,30,0,0000000000003680
2,3,20,30,1,0000000000003688
2,3,20,40,0,0000000000003690
2,3,20,40,1,0000000000003698
2,3,20,50,0,00000000000036a0
2,3,20,50,1,00000000000036a8
2,3,20,60,0,00000000000036b0
2,3,20,60,1,00000000000036b8
2,3,20,70,0,00000000000036c0
2,3,20,70,1,00000000000036c8
2,3,20,80,0,00000000000036d0
2,3,20,80,1,00000000000036d8
2,3,20,90,0,00000000000036e0
2,3,20,90,1,00000000000036e8
2,3,20,100,0,00000000000036f0
2,3,20,100,1,00000000000036f8
2,3,30,0,0,0000000000003700
2,3,30,0,1,0000000000003708
2,3,30,10,0,0000000000003710
2,3,30,10,1,0000000000003718
2,3,30,20,0,0000000000003720
2,3,30,20,1,0000000000003728
2,3,30,30,0,0000000000003730
2,3,30,30,1,0000000000003738
2,3,30,40,0,0000000000003740
2,3,30,40,1,0000000000003748
2,3,30,50,0,0000000000003750
2,3,30,50,1,0000000000003758
2,3,30,60,0,0000000000003760
2,3,30,60,1,0000000000003768
2,3,30,70,0,0000000000003770
2,3,30,70,1,0000000000003778
2,3,30,80,0,0000000000003780
2,3,30,80,1,0000000000003788
2,3,30,90,0,0000000000003790
2,3,30,90,1,0000000000003798
2,3,30,100,0,00000000000037a0
2,3,30,100,1,00000000000037a8
2,3,40,0,0,00000000000037b0
2,3,40,0,1,00000000000037b8
2,3,40,10,0,00000000000037c0
2,3,40,10,1,00000000000037c8
2,3,40,20,0,00000000000037d0
2,3,40,20,1,00000000000037d8
2,3,40,30,0,00000000000037e0
2,3,40,30,1,00000000000037e8
2,3,40,40,0,00000000000037f0
2,3,40,40,1,00000000000037f8
2,3,40,50,0,0000000000003800
2,3,40,50,1,0000000000003808
2,3,40,60,0,0000000000003810
2,3,40,60,1,0000000000003818
2,3,40,70,0,0000000000003820
2,3,40,70,1,0000000000003828
2,3,40,80,0,0000000000003830
2,3,40,80,1,0000000000003838
2,3,40,90,0,0000000000003840
2,3,40,90,1,0000000000003848
2,3,40,100,0,0000000000003850
2,3,40,100,1,0000000000003858
2,3,50,0,0,0000000000003860
2,3,50,0,1,0000000000003868
2,3,50,10,0,0000000000003870
2,3,50,10,1,0000000000003878
2,3,50,20,0,0000000000003880
2,3,50,20,1,0000000000003888
2,3,50,30,0,0000000000003890
2,3,50,30,1,0000000000003898
2,3,50,40,0,00000000000038a0
2,3,50,40,1,00000000000038a8
2,3,50,50,0,00000000000038b0
2,3,50,50,1,00000000000038b8
2,3,50,60,0,00000000000038c0
2,3,50,60,1,00000000000038c8
2,3,50,70,0,00000000000038d0
2,3,50,70,1,00000000000038d8
2,3,50,80,0,00000000000038e0
2,3,50,80,1,00000000000038e8
2,3,50,90,0,00000000000038f0
2,3,50,90,1,00000000000038f8
2,3,50,100,0,0000000000003900
2,3,50,100,1,0000000000003908
2,3,60,0,0,0000000000003910
2,3,60,0,1,0000000000003918
2,3,60,10,0,0000000000003920
2,3,60,10,1,0000000000003928
2,3,60,20,0,0000000000003930
2,3,60,20,1,0000000000003938
2,3,60,30,0,0000000000003940
2,3,60,30,1,0000000000003948
2,3,60,40,0,0000000000003950
2,3,60,40,1,0000000000003958
2,3,60,50,0,0000000000003960
2,3,60,50,1,0000000000003968
2,3,60,60,0,0000000000003970
2,3,60,60,1,0000000000003978
2,3,60,70,0,0000000000003980
2,3,60,70,1,0000000000003988
2,3,60,80,0,0000000000003990
2,3,60,80,1,0000000000003998
2,3,60,90,0,00000000000039a0
2,3,60,90,1,00000000000039a8
2,3,60,100,0,00000000000039b0
2,3,60,100,1,00000000000039b8
2,3,70,0,0,00000000000039c0
2,3,70,0,1,00000000000039c8
2,3,70,10,0,00000000000039d0
2,3,70,10,1,00000000000039d8
2,3,70,20,0,00000000000039e0
2,3,70,20,1,00000000000039e8
2,3,70,30,0,00000000000039f0
2,3,70,30,1,00000000000039f8
2,3,70,40,0,0000000000003a00
2,3,70,40,1,0000000000003a08
2,3,70,50,0,0000000000003a10
2,3,70,50,1,0000000000003a18
2,3,70,60,0,0000000000003a20
2,3,70,60,1,0000000000003a28
2,3,70,70,0,0000000000003a30
2,3,70,70,1,0000000000003a38
2,3,70,80,0,0000000000003a40
2,3,70,80,1,0000000000003a48
2,3,70,90,0,0000000000003a50
2,3,70,90,1,0000000000003a58
2,3,70,100,0,0000000000003a60
2,3,70,100,1,0000000000003a68
2,3,80,0,0,0000000000003a70
2,3,80,0,1,0000000000003a78
2,3,80,10,0,0000000000003a80
2,3,80,10,1,0000000000003a88
2,3,80,20,0,0000000000003a90
2,3,80,20,1,0000000000003a98
2,3,80,30,0,0000000000003aa0
2,3,80,30,1,0000000000003aa8
2,3,80,40,0,0000000000003ab0
2,3,80,40,1,0000000000003ab8
2,3,80,50,0,0000000000003ac0
2,3,80,50,1,0000000000003ac8
2,3,80,60,0,0000000000003ad0
2,3,80,60,1,0000000000003ad8
2,3,80,70,0,0000000000003ae0
2,3,80,70,1,0000000000003ae8
2,3,80,80,0,0000000000003af0
2,3,80,80,1,0000000000003af8
2,3,80,90,0,0000000000003b00
2,3,80,90,1,0000000000003b08
2,3,80,100,0,0000000000003b10
2,3,80,100,1,0000000000003b18
2,3,90,0,0,0000000000003b20
2,3,90,0,1,0000000000003b28
2,3,90,10,0,0000000000003b30
2,3,90,10,1,0000000000003b38
2,3,90,20,0,0000000000003b40
2,3,90,20,1,0000000000003b48
2,3,90,30,0,0000000000003b50
2,3,90,30,1,0000000000003b58
2,3,90,40,0,0000000000003b60
2,3,90,40,1,0000000000003b68
2,3,90,50,0,0000000000003b70
2,3,90,50,1,0000000000003b78
2,3,90,60,0,0000000000003b80
2,3,90,60,1,0000000000003b88
2,3,90,70,0,0000000000003b90
2,3,90,70,1,0000000000003b98
2,3,90,80,0,0000000000003ba0
2,3,90,80,1,0000000000003ba8
2,3,90,90,0,0000000000003bb0
2,3,90,90,1,0000000000003bb8
2,3,90,100,0,0000000000003bc0
2,3,90,100,1,0000000000003bc8
2,3,100,0,0,0000000000003bd0
2,3,100,0,1,0000000000003bd8
2,3,100,10,0,0000000000003be0
2,3,100,10,1,0000000000003be8
2,3,100,20,0,0000000000003bf0
2,3,100,20,1,0000000000003bf8
2,3,100,30,0,0000000000003c00
2,3,100,30,1,0000000000003c08
2,3,100,40,0,0000000000003c10
2,3,100,40,1,0000000000003c18
2,3,100,50,0,0000000000003c20
2,3,100,50,1,0000000000003c28
2,3,100,60,0,0000000000003c30
2,3,100,60,1,0000000000003c38
2,3,100,70,0,0000000000003c40
2,3,100,70,1,0000000000003c48
2,3,100,80,0,0000000000003c50
2,3,100,80,1,0000000000003c58
2,3,100,90,0,0000000000003c60
2,3,100,90,1,0000000000003c68
2,3,100,100,0,0000000000003c70
2,3,100,100,1,0000000000003c78
